[gd_scene load_steps=2 format=2]

[ext_resource path="res://levels/main_menu/models/double_pyramid/double_pyramid.tscn" type="PackedScene" id=1]

[node name="double_pyramids_18" type="Spatial"]

[node name="double_pyramid_1" parent="." instance=ExtResource( 1 )]
transform = Transform( 0.5, 0, 0, 0, 0.5, 0, 0, 0, 0.5, 0, 0, 20 )

[node name="double_pyramid_2" parent="." instance=ExtResource( 1 )]
transform = Transform( 0.5, 0, 0, 0, 0.5, 0, 0, 0, 0.5, 0, 0, 18 )

[node name="double_pyramid_3" parent="." instance=ExtResource( 1 )]
transform = Transform( 0.5, 0, 0, 0, 0.5, 0, 0, 0, 0.5, 0, 0, 16 )

[node name="double_pyramid_4" parent="." instance=ExtResource( 1 )]
transform = Transform( 0.5, 0, 0, 0, 0.5, 0, 0, 0, 0.5, 0, 0, 14 )

[node name="double_pyramid_5" parent="." instance=ExtResource( 1 )]
transform = Transform( 0.5, 0, 0, 0, 0.5, 0, 0, 0, 0.5, 0, 0, 12 )

[node name="double_pyramid_6" parent="." instance=ExtResource( 1 )]
transform = Transform( 0.5, 0, 0, 0, 0.5, 0, 0, 0, 0.5, 0, 0, 10 )

[node name="double_pyramid_7" parent="." instance=ExtResource( 1 )]
transform = Transform( 0.5, 0, 0, 0, 0.5, 0, 0, 0, 0.5, 0, 0, 5 )

[node name="double_pyramid_8" parent="." instance=ExtResource( 1 )]
transform = Transform( 0.5, 0, 0, 0, 0.5, 0, 0, 0, 0.5, 0, 0, 3 )

[node name="double_pyramid_9" parent="." instance=ExtResource( 1 )]
transform = Transform( 0.5, 0, 0, 0, 0.5, 0, 0, 0, 0.5, 0, 0, 1 )

[node name="double_pyramid_10" parent="." instance=ExtResource( 1 )]
transform = Transform( 0.5, 0, 0, 0, 0.5, 0, 0, 0, 0.5, 0, 0, -1 )

[node name="double_pyramid_11" parent="." instance=ExtResource( 1 )]
transform = Transform( 0.5, 0, 0, 0, 0.5, 0, 0, 0, 0.5, 0, 0, -3 )

[node name="double_pyramid_12" parent="." instance=ExtResource( 1 )]
transform = Transform( 0.5, 0, 0, 0, 0.5, 0, 0, 0, 0.5, 0, 0, -5 )

[node name="double_pyramid_13" parent="." instance=ExtResource( 1 )]
transform = Transform( 0.5, 0, 0, 0, 0.5, 0, 0, 0, 0.5, 0, 0, -10 )

[node name="double_pyramid_14" parent="." instance=ExtResource( 1 )]
transform = Transform( 0.5, 0, 0, 0, 0.5, 0, 0, 0, 0.5, 0, 0, -12 )

[node name="double_pyramid_15" parent="." instance=ExtResource( 1 )]
transform = Transform( 0.5, 0, 0, 0, 0.5, 0, 0, 0, 0.5, 0, 0, -14 )

[node name="double_pyramid_16" parent="." instance=ExtResource( 1 )]
transform = Transform( 0.5, 0, 0, 0, 0.5, 0, 0, 0, 0.5, 0, 0, -16 )

[node name="double_pyramid_17" parent="." instance=ExtResource( 1 )]
transform = Transform( 0.5, 0, 0, 0, 0.5, 0, 0, 0, 0.5, 0, 0, -18 )

[node name="double_pyramid_18" parent="." instance=ExtResource( 1 )]
transform = Transform( 0.5, 0, 0, 0, 0.5, 0, 0, 0, 0.5, 0, 0, -20 )

[node name="SpotLight_1" type="SpotLight" parent="."]
transform = Transform( 0.923955, 0.14604, -0.353523, -0.0845858, 0.979372, 0.183507, 0.37303, -0.139649, 0.917249, -3.6165, 2.0999, 25.6498 )
light_color = Color( 0.321569, 0.447059, 0.945098, 1 )
spot_range = 19.9048
spot_attenuation = 0.00082119
spot_angle = 20.413

[node name="SpotLight_2" type="SpotLight" parent="."]
transform = Transform( 0.93146, 0.0123126, 0.363635, -0.0845858, 0.979372, 0.183507, -0.353875, -0.201688, 0.913288, 3.45499, 2.0999, 25.6498 )
light_color = Color( 0.45098, 0.831373, 1, 1 )
spot_range = 19.9048
spot_attenuation = 0.00082119
spot_angle = 20.413

[node name="SpotLight_3" type="SpotLight" parent="."]
transform = Transform( 0.923955, 0.14604, -0.353523, -0.0845858, 0.979372, 0.183507, 0.37303, -0.139649, 0.917249, -3.6165, 2.0999, 9.59435 )
light_color = Color( 0.321569, 0.447059, 0.945098, 1 )
spot_range = 19.9048
spot_attenuation = 0.00082119
spot_angle = 20.413

[node name="SpotLight_4" type="SpotLight" parent="."]
transform = Transform( 0.93146, 0.0123126, 0.363635, -0.0845858, 0.979372, 0.183507, -0.353875, -0.201688, 0.913288, 3.45499, 2.0999, 9.59435 )
light_color = Color( 0.45098, 0.831373, 1, 1 )
spot_range = 19.9048
spot_attenuation = 0.00082119
spot_angle = 20.413

[node name="SpotLight_5" type="SpotLight" parent="."]
transform = Transform( 0.923955, 0.14604, -0.353523, -0.0845858, 0.979372, 0.183507, 0.37303, -0.139649, 0.917249, -3.6165, 2.0999, -6.53955 )
light_color = Color( 0.321569, 0.447059, 0.945098, 1 )
spot_range = 19.9048
spot_attenuation = 0.00082119
spot_angle = 20.413

[node name="SpotLight_6" type="SpotLight" parent="."]
transform = Transform( 0.93146, 0.0123126, 0.363635, -0.0845858, 0.979372, 0.183507, -0.353875, -0.201688, 0.913288, 3.45499, 2.0999, -6.53955 )
light_color = Color( 0.45098, 0.831373, 1, 1 )
spot_range = 19.9048
spot_attenuation = 0.00082119
spot_angle = 20.413
