[gd_scene load_steps=2 format=2]

[ext_resource path="res://levels/main_menu/models/tunnel/tunnel.tscn" type="PackedScene" id=1]

[node name="tunnel" type="Spatial"]

[node name="tunnel_structure" parent="." instance=ExtResource( 1 )]

[node name="lights" type="Spatial" parent="."]

[node name="light_1" type="SpotLight" parent="lights"]
transform = Transform( 0.899388, -0.376359, 0.222384, -0.327944, -0.244506, 0.912507, -0.289056, -0.893628, -0.34333, 6.75446, 18.3755, -4.92692 )
light_color = Color( 1, 0.796078, 0.631373, 1 )
light_energy = 4.0
spot_range = 28.524
spot_angle = 30.3105

[node name="light_2" type="SpotLight" parent="lights"]
transform = Transform( 0.21983, -0.0065276, -0.975516, 0.94863, -0.231814, 0.215322, -0.227544, -0.972738, -0.0447674, -22.1112, 7.72756, -1.49546 )
light_color = Color( 0.741176, 1, 0.901961, 1 )
light_energy = 2.0
spot_range = 41.6795
spot_angle = 23.811

[node name="light_3" type="SpotLight" parent="lights"]
transform = Transform( 0.899388, -0.376359, 0.222384, -0.327944, -0.244506, 0.912507, -0.289056, -0.893628, -0.34333, 6.75446, 18.3755, -23.2031 )
light_color = Color( 1, 0.796078, 0.631373, 1 )
light_energy = 4.0
spot_range = 28.524
spot_angle = 30.3105

[node name="light_4" type="SpotLight" parent="lights"]
transform = Transform( 0.21983, -0.0065276, -0.975516, 0.94863, -0.231814, 0.215322, -0.227544, -0.972738, -0.0447674, -22.1112, 7.72756, -19.7717 )
light_color = Color( 0.741176, 1, 0.901961, 1 )
light_energy = 2.0
spot_range = 41.6795
spot_angle = 23.811

[node name="light_5" type="SpotLight" parent="lights"]
transform = Transform( 0.899388, -0.376359, 0.222384, -0.327944, -0.244506, 0.912507, -0.289056, -0.893628, -0.34333, 6.75446, 18.3755, -39.899 )
light_color = Color( 1, 0.796078, 0.631373, 1 )
light_energy = 4.0
spot_range = 28.524
spot_angle = 30.3105

[node name="light_6" type="SpotLight" parent="lights"]
transform = Transform( 0.21983, -0.0065276, -0.975516, 0.94863, -0.231814, 0.215322, -0.227544, -0.972738, -0.0447674, -22.1112, 7.72756, -36.4675 )
light_color = Color( 0.741176, 1, 0.901961, 1 )
light_energy = 2.0
spot_range = 41.6795
spot_angle = 23.811

[node name="light_7" type="SpotLight" parent="lights"]
transform = Transform( 0.899388, -0.376359, 0.222384, -0.327944, -0.244506, 0.912507, -0.289056, -0.893628, -0.34333, 6.75446, 18.3755, -59.6718 )
light_color = Color( 1, 0.796078, 0.631373, 1 )
light_energy = 4.0
spot_range = 28.524
spot_angle = 30.3105

[node name="light_8" type="SpotLight" parent="lights"]
transform = Transform( 0.21983, -0.0065276, -0.975516, 0.94863, -0.231814, 0.215322, -0.227544, -0.972738, -0.0447674, -22.1112, 7.72756, -56.2404 )
light_color = Color( 0.741176, 1, 0.901961, 1 )
light_energy = 2.0
spot_range = 41.6795
spot_angle = 23.811
